txn buffer size
3
txn commit backoff part, 3 lines for retry times [0, 1, >=2] (decrease backoff)
8 0 8 1 2 1 2 8 2 8 
2 2 0 2 2 2 8 4 2 2 
8 4 4 4 2 4 1 8 0 0 
txn abort backoff part, 3 lines for retry times [0, 1, >=2] (increase backoff)
8 0 2 2 2 1 2 4 1 2 
1 4 4 2 2 2 4 2 1 0 
2 1 2 0 1 1 1 4 0 1 
normal access
1 1 0 5 0 0 0 0 0 3 0 0 0 
0 1 0 0 1 0 5 4 0 8 7 0 0 
0 1 0 0 0 0 0 4 0 0 0 0 0 
1 0 0 0 0 0 0 0 0 0 0 0 0 
0 0 0 0 0 0 0 0 0 2 2 0 0 
0 0 1 0 0 0 0 0 0 0 0 0 0 
0 0 1 0 0 0 0 0 0 0 0 0 0 
1 0 0 0 0 0 6 6 5 0 6 0 0 
0 0 0 0 0 0 0 0 0 0 0 0 0 
0 0 0 0 0 0 6 0 0 0 0 7 0 
0 1 1 0 8 1 3 4 8 7 0 7 0 
1 0 1 0 0 0 0 0 0 0 0 0 0 
0 0 0 0 0 0 0 0 0 0 0 0 0 
0 0 0 0 0 0 0 0 0 0 0 0 0 
1 0 0 0 0 0 0 0 0 0 0 0 0 
0 1 0 5 0 0 0 4 8 4 5 0 4 
0 1 0 0 0 0 0 0 0 0 0 0 0 
0 1 0 3 0 2 5 1 6 0 1 0 2 
0 1 0 0 4 0 8 0 0 0 2 0 0 
0 0 0 0 0 0 0 0 0 0 0 0 0 
0 1 0 5 0 3 6 3 3 6 0 0 8 
1 1 1 0 0 0 0 0 3 0 0 0 5 
0 0 1 0 0 0 0 0 0 0 0 0 0 
0 0 0 0 0 3 0 8 0 0 0 0 0 
0 0 1 0 0 6 0 6 0 3 0 0 0 
0 1 0 2 0 5 0 1 0 0 0 0 4 
1 1 0 4 4 2 0 0 0 6 0 8 6 
1 0 0 5 0 0 4 0 0 0 2 8 4 
0 0 0 0 0 0 0 0 0 0 0 0 0 
0 0 0 0 0 0 0 0 0 0 0 0 0 
0 0 0 0 2 0 5 2 0 5 5 3 6 
1 0 0 0 0 0 0 0 0 0 0 0 0 
1 1 0 0 0 0 0 8 0 0 4 0 0 
1 0 0 0 0 0 0 0 0 0 0 0 0 
0 0 0 6 0 0 0 0 0 0 0 0 0 
1 0 0 0 0 0 0 0 0 0 0 0 0 
0 0 0 0 0 0 0 0 0 0 0 0 0 
1 1 1 0 0 0 0 5 3 8 6 2 0 
0 0 1 0 0 0 0 0 0 0 0 0 0 
0 0 0 0 0 0 0 0 0 0 0 0 0 
1 1 0 0 7 0 0 0 0 0 0 8 0 
0 0 0 3 0 5 0 4 0 6 0 5 5 
0 0 0 0 0 0 0 0 0 0 0 0 0 
0 0 0 0 0 0 0 0 0 0 0 0 0 
0 0 0 0 0 0 0 0 0 0 0 0 0 
0 0 1 0 0 0 0 0 0 0 0 0 0 
1 0 1 0 0 0 0 0 0 0 0 0 0 
1 0 0 0 0 0 0 0 0 0 0 0 0 
0 1 0 0 0 2 0 0 3 0 0 8 0 
0 0 0 0 0 0 0 0 0 0 0 0 0 
0 0 1 0 7 0 0 0 0 0 0 0 1 
0 0 0 0 4 0 7 0 5 0 0 7 0 
0 0 0 0 0 0 0 0 0 0 0 0 0 
1 0 1 0 0 0 0 0 0 0 0 0 0 
0 0 0 0 0 0 0 0 0 0 0 0 0 
0 0 1 0 0 0 0 0 0 0 0 0 0 
1 1 0 4 2 0 0 6 0 0 8 5 0 
0 1 0 0 0 0 0 7 0 0 0 0 2 
0 1 1 1 0 0 0 2 0 1 0 5 0 
1 0 0 0 7 0 7 7 6 2 4 6 5 
0 0 0 0 0 0 0 0 0 0 0 0 0 
1 0 1 0 0 0 0 0 0 0 0 0 0 
1 1 0 0 1 5 0 0 0 0 5 0 5 
1 0 1 0 0 1 0 0 0 0 0 0 0 
0 1 0 0 0 6 0 6 4 7 4 0 0 
1 0 0 0 1 0 7 0 0 0 0 3 2 
0 0 1 0 0 0 0 0 0 0 0 0 0 
1 0 0 0 0 0 0 0 0 0 0 0 0 
0 0 1 5 0 0 0 0 0 0 0 4 6 
0 0 0 0 0 0 0 0 0 0 0 0 0 
0 1 0 0 0 0 6 0 7 0 0 0 0 
1 0 0 8 7 0 0 1 0 0 6 0 0 
1 0 0 0 0 0 0 0 0 0 0 0 0 
1 1 0 0 0 6 0 0 0 0 0 0 0 
0 0 0 0 0 0 0 0 0 0 0 0 0 
1 1 1 7 0 0 1 1 0 7 4 0 3 
0 0 1 0 0 0 0 2 0 2 8 0 0 
1 0 0 0 0 0 0 0 0 0 0 0 0 
0 1 0 4 5 0 0 0 8 0 0 3 0 
0 1 0 0 1 0 0 0 2 0 0 0 6 
