txn buffer size
1
txn commit backoff part, 3 lines for retry times [0, 1, >=2] (decrease backoff)
2 1 2 4 2 8 2 8 8 2 
4 2 2 2 4 2 0 8 2 1 
2 2 1 2 2 2 4 2 1 1 
txn abort backoff part, 3 lines for retry times [0, 1, >=2] (increase backoff)
8 2 2 2 0 1 0 2 2 2 
2 0 0 2 0 1 2 0 2 2 
0 2 0 2 2 2 1 1 1 2 
normal access
0 0 1 0 0 0 0 0 0 0 0 0 0 
0 1 0 8 0 0 0 5 0 0 0 5 0 
0 0 0 0 0 0 0 0 0 0 0 0 0 
0 1 0 0 0 0 0 0 0 0 0 0 0 
0 0 0 0 8 0 0 0 0 0 0 2 0 
1 0 0 0 0 0 0 0 0 0 0 0 0 
0 0 0 0 0 0 0 0 0 0 0 0 0 
1 0 0 0 5 0 5 0 0 0 0 0 0 
0 0 0 0 0 0 0 0 0 0 0 0 0 
0 1 0 0 0 0 0 7 6 7 0 1 0 
0 1 0 0 0 2 0 0 1 5 0 0 0 
0 0 0 0 0 0 0 0 0 0 0 0 0 
0 0 0 0 0 0 0 0 0 0 0 0 0 
0 0 0 0 0 0 0 0 0 0 0 0 0 
0 0 0 0 0 0 0 0 0 0 0 0 0 
1 1 0 0 2 6 0 4 0 6 0 3 0 
1 1 0 0 0 2 6 0 8 0 0 0 0 
0 1 0 0 7 0 7 2 8 0 7 0 7 
0 0 0 0 0 0 0 0 0 0 0 0 0 
0 0 0 0 0 0 0 0 0 0 0 0 0 
0 0 0 0 0 0 0 0 0 0 0 0 0 
0 1 0 0 0 0 0 0 0 0 0 0 0 
0 1 1 0 0 0 0 0 0 0 6 0 0 
0 0 1 0 0 0 0 0 0 0 0 0 0 
0 0 0 0 0 0 0 0 0 0 0 0 0 
1 0 0 0 0 0 0 0 0 0 0 0 0 
0 1 0 0 0 4 4 0 0 0 0 0 0 
0 1 0 6 0 0 0 3 0 4 2 0 0 
0 1 0 0 1 0 4 6 0 5 8 0 0 
1 1 1 7 0 0 0 0 0 0 1 0 0 
0 0 0 0 0 0 0 0 0 0 0 0 0 
0 0 1 0 0 0 0 0 0 0 0 0 0 
0 0 0 0 0 0 0 0 0 0 5 0 0 
0 0 0 0 0 0 0 0 0 0 0 0 0 
1 0 0 0 5 0 0 1 5 8 0 2 0 
1 0 0 0 0 0 0 0 0 0 0 0 0 
0 0 0 0 0 0 0 0 0 0 0 0 0 
0 0 0 0 0 0 0 0 0 5 0 0 0 
0 0 0 0 0 0 0 0 4 5 0 0 0 
0 1 0 0 0 0 0 0 0 0 0 0 0 
0 1 1 0 2 0 0 0 0 0 0 0 0 
1 0 0 0 0 0 0 0 0 0 0 0 0 
0 1 0 0 0 0 0 0 0 0 0 0 0 
0 1 0 0 0 0 0 0 0 0 0 0 0 
0 0 1 0 0 0 0 0 0 0 0 0 0 
0 1 0 0 0 0 0 8 2 3 0 1 0 
0 0 0 0 0 1 3 0 0 0 0 8 0 
1 0 0 0 0 0 0 0 0 0 0 0 0 
0 0 0 0 0 4 0 0 0 0 0 0 0 
0 0 0 0 0 0 0 0 0 0 0 0 0 
0 0 1 0 0 0 0 0 0 0 0 0 0 
0 0 0 0 0 0 0 0 0 0 0 0 0 
0 0 0 0 4 0 0 3 0 0 3 0 0 
0 0 0 0 0 0 0 0 0 0 0 0 0 
0 0 0 0 0 0 0 0 0 0 0 0 0 
0 0 1 0 0 0 0 0 0 0 0 0 0 
0 0 0 0 0 0 0 0 0 0 0 0 0 
0 0 1 0 0 0 0 0 0 0 0 0 0 
0 0 0 0 0 0 0 0 0 0 0 0 0 
1 0 0 0 0 0 0 0 0 0 0 0 0 
0 0 0 0 0 0 0 0 0 0 0 0 0 
1 0 0 0 0 0 0 0 0 0 0 0 0 
1 0 0 0 0 0 0 0 0 0 0 0 0 
0 1 0 0 3 0 3 2 0 0 5 0 5 
0 0 0 8 0 0 0 5 0 0 0 0 0 
0 0 1 0 0 0 0 0 0 0 0 0 0 
0 1 0 0 0 0 0 0 0 0 6 0 0 
0 0 0 0 0 0 0 0 0 0 0 0 0 
0 0 0 1 3 0 0 0 0 0 6 0 0 
0 0 0 0 0 0 0 0 0 0 0 0 0 
0 1 0 0 1 0 0 3 6 0 0 0 0 
0 1 0 0 0 0 6 0 0 0 3 0 0 
1 0 0 0 0 0 0 0 0 0 0 0 0 
0 0 0 0 0 0 0 0 0 0 0 0 0 
0 0 0 0 0 0 0 0 1 1 0 0 0 
0 0 0 0 0 0 0 0 0 0 0 0 0 
0 0 0 0 0 0 0 0 0 0 0 0 0 
0 1 1 0 0 0 0 0 0 0 0 0 0 
0 0 0 0 0 0 0 0 0 0 0 0 0 
0 1 1 0 0 0 0 0 0 0 3 0 4 
