txn buffer size
4
txn commit backoff part, 3 lines for retry times [0, 1, >=2] (decrease backoff)
2 2 2 2 
2 2 2 2 
2 2 2 2 
txn abort backoff part, 3 lines for retry times [0, 1, >=2] (increase backoff)
2 2 2 2
2 2 2 2
2 2 2 2 
normal access
1 1 1 1 0 0 0 
1 1 1 2 0 0 0 
1 1 1 3 0 0 0 
1 1 1 4 0 0 0 
1 1 1 9 0 0 0 
1 1 1 9 0 0 0 
1 1 1 9 0 0 0 
1 1 1 9 0 0 0 
1 1 1 9 0 0 0 
1 1 1 10 0 0 0 
1 1 1 12 8 0 0 
1 1 1 12 8 0 0 
1 1 1 16 36 0 0 
1 1 1 16 36 0 0 
1 1 1 16 36 0 0 
1 1 1 16 36 0 0 
1 1 1 18 36 2 0 
1 1 1 18 0 2 0 
1 1 1 20 0 2 0 
1 1 1 20 0 0 0 
1 1 1 21 0 0 0 
1 1 1 22 0 0 0 
1 1 1 25 44 0 3 
1 1 1 25 44 0 3 
1 1 1 25 44 0 3 
1 1 1 28 44 9 3 
1 1 1 28 0 9 0 
1 1 1 28 0 9 0 
1 1 1 29 45 12 4 
1 1 1 30 50 12 4 
1 1 1 0 1 0 0 
1 1 1 0 2 0 0 
1 1 1 0 3 0 0 
1 1 1 12 8 0 0 
1 1 1 12 8 0 0 
1 1 1 12 8 0 0 
1 1 1 12 8 0 0 
1 1 1 12 8 0 0 
1 1 1 16 36 0 0 
1 1 1 16 36 0 0 
1 1 1 16 36 0 0 
1 1 1 16 36 0 0 
1 1 1 16 36 0 0 
1 1 1 16 36 0 0 
1 1 1 16 36 0 0 
1 1 1 16 36 0 0 
1 1 1 16 36 0 0 
1 1 1 16 36 0 0 
1 1 1 16 36 0 0 
1 1 1 16 36 0 0 
1 1 1 16 36 0 0 
1 1 1 16 36 0 0 
1 1 1 16 36 0 0 
1 1 1 16 36 0 0 
1 1 1 16 36 0 0 
1 1 1 16 36 0 0 
1 1 1 16 36 0 0 
1 1 1 16 36 0 0 
1 1 1 16 36 0 0 
1 1 1 16 36 0 0 
1 1 1 16 36 0 0 
1 1 1 16 36 0 0 
1 1 1 16 36 0 0 
1 1 1 16 36 0 0 
1 1 1 16 36 0 0 
1 1 1 16 36 0 0 
1 1 1 16 37 0 0 
1 1 1 0 39 0 0 
1 1 1 0 39 0 0 
1 1 1 0 40 0 0 
1 1 1 0 41 0 0 
1 1 1 0 42 0 0 
1 1 1 25 44 0 3 
1 1 1 25 44 0 3 
1 1 1 29 45 12 4 
1 1 1 29 47 12 4 
1 1 1 0 47 0 0 
1 1 1 0 48 0 20 
1 1 1 30 50 0 20 
1 1 1 30 50 0 0 
1 1 1 30 51 0 23 
1 1 1 18 0 2 0 
1 1 1 18 0 2 0 
1 1 1 28 0 9 0 
1 1 1 28 0 9 0 
1 1 1 28 0 9 0 
1 1 1 28 0 9 0 
1 1 1 28 0 9 0 
1 1 1 28 0 9 0 
1 1 1 28 0 9 0 
1 1 1 28 0 11 0 
1 1 1 0 0 11 0 
1 1 1 29 45 12 4 
1 1 1 25 44 0 3 
1 1 1 25 44 0 3 
1 1 1 25 44 0 3 
1 1 1 29 45 12 4 
1 1 1 29 45 12 5 
1 1 1 0 48 0 23 
1 1 1 0 51 0 23 
1 1 1 0 51 0 23 
1 1 1 0 51 0 23 
1 1 1 0 51 0 23 
1 1 1 0 51 0 23 
1 1 1 0 51 0 23 
1 1 1 0 51 0 23 
1 1 1 0 51 0 23 
1 1 1 0 51 0 23 
1 1 1 0 51 0 23 
1 1 1 0 51 0 23 
1 1 1 0 51 0 23 
1 1 1 0 51 0 23 
1 1 1 0 51 0 23 
1 1 1 0 51 0 23 
1 1 1 0 51 0 23 
1 1 1 0 51 0 23 
