txn buffer size
4
txn commit backoff part, 3 lines for retry times [0, 1, >=2] (decrease backoff)
2 2 2 2 
2 2 2 2 
2 2 2 2 
txn abort backoff part, 3 lines for retry times [0, 1, >=2] (increase backoff)
2 2 2 2
2 2 2 2
2 2 2 2 
txn final commit wait
1 30 51 12 23
1 30 51 12 23
1 30 51 12 23
1 30 51 12 23
1 30 51 12 23
1 30 51 12 23
1 30 51 12 23
1 30 51 12 23
normal access
1 1 1 30 51 12 23
1 1 1 30 51 12 23
1 1 1 30 51 12 23
1 1 1 30 51 12 23
1 1 1 30 51 12 23
1 1 1 30 51 12 23
1 1 1 30 51 12 23
1 1 1 30 51 12 23
1 1 1 30 51 12 23
1 1 1 30 51 12 23
1 1 1 30 51 12 23
1 1 1 30 51 12 23
1 1 1 30 51 12 23
1 1 1 30 51 12 23
1 1 1 30 51 12 23
1 1 1 30 51 12 23
1 1 1 30 51 12 23
1 1 1 30 51 12 23
1 1 1 30 51 12 23
1 1 1 30 51 12 23
1 1 1 30 51 12 23
1 1 1 30 51 12 23
1 1 1 30 51 12 23
1 1 1 30 51 12 23
1 1 1 30 51 12 23
1 1 1 30 51 12 23
1 1 1 30 51 12 23
1 1 1 30 51 12 23
1 1 1 30 51 12 23
1 1 1 30 51 12 23
1 1 1 30 51 12 23
1 1 1 30 51 12 23
1 1 1 30 51 12 23
1 1 1 30 51 12 23
1 1 1 30 51 12 23
1 1 1 30 51 12 23
1 1 1 30 51 12 23
1 1 1 30 51 12 23
1 1 1 30 51 12 23
1 1 1 30 51 12 23
1 1 1 30 51 12 23
1 1 1 30 51 12 23
1 1 1 30 51 12 23
1 1 1 30 51 12 23
1 1 1 30 51 12 23
1 1 1 30 51 12 23
1 1 1 30 51 12 23
1 1 1 30 51 12 23
1 1 1 30 51 12 23
1 1 1 30 51 12 23
1 1 1 30 51 12 23
1 1 1 30 51 12 23
1 1 1 30 51 12 23
1 1 1 30 51 12 23
1 1 1 30 51 12 23
1 1 1 30 51 12 23
1 1 1 30 51 12 23
1 1 1 30 51 12 23
1 1 1 30 51 12 23
1 1 1 30 51 12 23
1 1 1 30 51 12 23
1 1 1 30 51 12 23
1 1 1 30 51 12 23
1 1 1 30 51 12 23
1 1 1 30 51 12 23
1 1 1 30 51 12 23
1 1 1 30 51 12 23
1 1 1 30 51 12 23
1 1 1 30 51 12 23
1 1 1 30 51 12 23
1 1 1 30 51 12 23
1 1 1 30 51 12 23
1 1 1 30 51 12 23
1 1 1 30 51 12 23
1 1 1 30 51 12 23
1 1 1 30 51 12 23
1 1 1 30 51 12 23
1 1 1 30 51 12 23
1 1 1 30 51 12 23
1 1 1 30 51 12 23
1 1 1 30 51 12 23
1 1 1 30 51 12 23
1 1 1 30 51 12 23
1 1 1 30 51 12 23
1 1 1 30 51 12 23
1 1 1 30 51 12 23
1 1 1 30 51 12 23
1 1 1 30 51 12 23
1 1 1 30 51 12 23
1 1 1 30 51 12 23
1 1 1 30 51 12 23
1 1 1 30 51 12 23
1 1 1 30 51 12 23
1 1 1 30 51 12 23
1 1 1 30 51 12 23
1 1 1 30 51 12 23
1 1 1 30 51 12 23
1 1 1 30 51 12 23
1 1 1 30 51 12 23
1 1 1 30 51 12 23
1 1 1 30 51 12 23
1 1 1 30 51 12 23
1 1 1 30 51 12 23
1 1 1 30 51 12 23
1 1 1 30 51 12 23
1 1 1 30 51 12 23
1 1 1 30 51 12 23
1 1 1 30 51 12 23
1 1 1 30 51 12 23
1 1 1 30 51 12 23
1 1 1 30 51 12 23
1 1 1 30 51 12 23
1 1 1 30 51 12 23
1 1 1 30 51 12 23
1 1 1 30 51 12 23
1 1 1 30 51 12 23
1 1 1 30 51 12 23
1 1 1 30 51 12 23
1 1 1 30 51 12 23
1 1 1 30 51 12 23
1 1 1 30 51 12 23
1 1 1 30 51 12 23
1 1 1 30 51 12 23
1 1 1 30 51 12 23
1 1 1 30 51 12 23
1 1 1 30 51 12 23
1 1 1 30 51 12 23
1 1 1 30 51 12 23
1 1 1 30 51 12 23
1 1 1 30 51 12 23
1 1 1 30 51 12 23
1 1 1 30 51 12 23
1 1 1 30 51 12 23
1 1 1 30 51 12 23
1 1 1 30 51 12 23
1 1 1 30 51 12 23
1 1 1 30 51 12 23
1 1 1 30 51 12 23
1 1 1 30 51 12 23
1 1 1 30 51 12 23
1 1 1 30 51 12 23
1 1 1 30 51 12 23
1 1 1 30 51 12 23
1 1 1 30 51 12 23
1 1 1 30 51 12 23
1 1 1 30 51 12 23
1 1 1 30 51 12 23
1 1 1 30 51 12 23
1 1 1 30 51 12 23
1 1 1 30 51 12 23
1 1 1 30 51 12 23
1 1 1 30 51 12 23
1 1 1 30 51 12 23
1 1 1 30 51 12 23
1 1 1 30 51 12 23
1 1 1 30 51 12 23
1 1 1 30 51 12 23
1 1 1 30 51 12 23
1 1 1 30 51 12 23
1 1 1 30 51 12 23
1 1 1 30 51 12 23
1 1 1 30 51 12 23
1 1 1 30 51 12 23
1 1 1 30 51 12 23
1 1 1 30 51 12 23
1 1 1 30 51 12 23
1 1 1 30 51 12 23
1 1 1 30 51 12 23
1 1 1 30 51 12 23
1 1 1 30 51 12 23
1 1 1 30 51 12 23
1 1 1 30 51 12 23
1 1 1 30 51 12 23
1 1 1 30 51 12 23
1 1 1 30 51 12 23
1 1 1 30 51 12 23
1 1 1 30 51 12 23
1 1 1 30 51 12 23
1 1 1 30 51 12 23
1 1 1 30 51 12 23
1 1 1 30 51 12 23
1 1 1 30 51 12 23
1 1 1 30 51 12 23
1 1 1 30 51 12 23
1 1 1 30 51 12 23
1 1 1 30 51 12 23
1 1 1 30 51 12 23
1 1 1 30 51 12 23
1 1 1 30 51 12 23
1 1 1 30 51 12 23
1 1 1 30 51 12 23
1 1 1 30 51 12 23
1 1 1 30 51 12 23
1 1 1 30 51 12 23
1 1 1 30 51 12 23
1 1 1 30 51 12 23
1 1 1 30 51 12 23
1 1 1 30 51 12 23
1 1 1 30 51 12 23
1 1 1 30 51 12 23
1 1 1 30 51 12 23
1 1 1 30 51 12 23
1 1 1 30 51 12 23
1 1 1 30 51 12 23
1 1 1 30 51 12 23
1 1 1 30 51 12 23
1 1 1 30 51 12 23
1 1 1 30 51 12 23
1 1 1 30 51 12 23
1 1 1 30 51 12 23
1 1 1 30 51 12 23
1 1 1 30 51 12 23
1 1 1 30 51 12 23
1 1 1 30 51 12 23
1 1 1 30 51 12 23
1 1 1 30 51 12 23
1 1 1 30 51 12 23
1 1 1 30 51 12 23
1 1 1 30 51 12 23
1 1 1 30 51 12 23
1 1 1 30 51 12 23
1 1 1 30 51 12 23
1 1 1 30 51 12 23
1 1 1 30 51 12 23
1 1 1 30 51 12 23
1 1 1 30 51 12 23
1 1 1 30 51 12 23
1 1 1 30 51 12 23
1 1 1 30 51 12 23
1 1 1 30 51 12 23
1 1 1 30 51 12 23
1 1 1 30 51 12 23
1 1 1 30 51 12 23
1 1 1 30 51 12 23
1 1 1 30 51 12 23
1 1 1 30 51 12 23
1 1 1 30 51 12 23
1 1 1 30 51 12 23
1 1 1 30 51 12 23
1 1 1 30 51 12 23
1 1 1 30 51 12 23
1 1 1 30 51 12 23
1 1 1 30 51 12 23
1 1 1 30 51 12 23
1 1 1 30 51 12 23
1 1 1 30 51 12 23
1 1 1 30 51 12 23
1 1 1 30 51 12 23
1 1 1 30 51 12 23
1 1 1 30 51 12 23
1 1 1 30 51 12 23
1 1 1 30 51 12 23
1 1 1 30 51 12 23
1 1 1 30 51 12 23
1 1 1 30 51 12 23
1 1 1 30 51 12 23
1 1 1 30 51 12 23
1 1 1 30 51 12 23
1 1 1 30 51 12 23
1 1 1 30 51 12 23
1 1 1 30 51 12 23
1 1 1 30 51 12 23
1 1 1 30 51 12 23
1 1 1 30 51 12 23
1 1 1 30 51 12 23
1 1 1 30 51 12 23
1 1 1 30 51 12 23
1 1 1 30 51 12 23
1 1 1 30 51 12 23
1 1 1 30 51 12 23
1 1 1 30 51 12 23
1 1 1 30 51 12 23
1 1 1 30 51 12 23
1 1 1 30 51 12 23
1 1 1 30 51 12 23
1 1 1 30 51 12 23
1 1 1 30 51 12 23
1 1 1 30 51 12 23
1 1 1 30 51 12 23
1 1 1 30 51 12 23
1 1 1 30 51 12 23
1 1 1 30 51 12 23
1 1 1 30 51 12 23
1 1 1 30 51 12 23
1 1 1 30 51 12 23
1 1 1 30 51 12 23
1 1 1 30 51 12 23
1 1 1 30 51 12 23
1 1 1 30 51 12 23
1 1 1 30 51 12 23
1 1 1 30 51 12 23
1 1 1 30 51 12 23
1 1 1 30 51 12 23
1 1 1 30 51 12 23
1 1 1 30 51 12 23
1 1 1 30 51 12 23
1 1 1 30 51 12 23
1 1 1 30 51 12 23
1 1 1 30 51 12 23
1 1 1 30 51 12 23
1 1 1 30 51 12 23
1 1 1 30 51 12 23
1 1 1 30 51 12 23
1 1 1 30 51 12 23
1 1 1 30 51 12 23
1 1 1 30 51 12 23
1 1 1 30 51 12 23
1 1 1 30 51 12 23
1 1 1 30 51 12 23
1 1 1 30 51 12 23
1 1 1 30 51 12 23
1 1 1 30 51 12 23
1 1 1 30 51 12 23
1 1 1 30 51 12 23
1 1 1 30 51 12 23
1 1 1 30 51 12 23
1 1 1 30 51 12 23
1 1 1 30 51 12 23
1 1 1 30 51 12 23
1 1 1 30 51 12 23
1 1 1 30 51 12 23
1 1 1 30 51 12 23
1 1 1 30 51 12 23
1 1 1 30 51 12 23
1 1 1 30 51 12 23
1 1 1 30 51 12 23
1 1 1 30 51 12 23
1 1 1 30 51 12 23
1 1 1 30 51 12 23
1 1 1 30 51 12 23
1 1 1 30 51 12 23
1 1 1 30 51 12 23
1 1 1 30 51 12 23
1 1 1 30 51 12 23
1 1 1 30 51 12 23
1 1 1 30 51 12 23
1 1 1 30 51 12 23
1 1 1 30 51 12 23
1 1 1 30 51 12 23
1 1 1 30 51 12 23
1 1 1 30 51 12 23
1 1 1 30 51 12 23
1 1 1 30 51 12 23
1 1 1 30 51 12 23
1 1 1 30 51 12 23
1 1 1 30 51 12 23
1 1 1 30 51 12 23
1 1 1 30 51 12 23
1 1 1 30 51 12 23
1 1 1 30 51 12 23
1 1 1 30 51 12 23
1 1 1 30 51 12 23
1 1 1 30 51 12 23
1 1 1 30 51 12 23
1 1 1 30 51 12 23
1 1 1 30 51 12 23
1 1 1 30 51 12 23
1 1 1 30 51 12 23
1 1 1 30 51 12 23
1 1 1 30 51 12 23
1 1 1 30 51 12 23
1 1 1 30 51 12 23
1 1 1 30 51 12 23
1 1 1 30 51 12 23
1 1 1 30 51 12 23
1 1 1 30 51 12 23
1 1 1 30 51 12 23
1 1 1 30 51 12 23
1 1 1 30 51 12 23
1 1 1 30 51 12 23
1 1 1 30 51 12 23
1 1 1 30 51 12 23
1 1 1 30 51 12 23
1 1 1 30 51 12 23
1 1 1 30 51 12 23
1 1 1 30 51 12 23
1 1 1 30 51 12 23
1 1 1 30 51 12 23
1 1 1 30 51 12 23
1 1 1 30 51 12 23
1 1 1 30 51 12 23
1 1 1 30 51 12 23
1 1 1 30 51 12 23
1 1 1 30 51 12 23
1 1 1 30 51 12 23
1 1 1 30 51 12 23
1 1 1 30 51 12 23
1 1 1 30 51 12 23
1 1 1 30 51 12 23
1 1 1 30 51 12 23
1 1 1 30 51 12 23
1 1 1 30 51 12 23
1 1 1 30 51 12 23
1 1 1 30 51 12 23
1 1 1 30 51 12 23
1 1 1 30 51 12 23
1 1 1 30 51 12 23
1 1 1 30 51 12 23
1 1 1 30 51 12 23
1 1 1 30 51 12 23
1 1 1 30 51 12 23
1 1 1 30 51 12 23
1 1 1 30 51 12 23
1 1 1 30 51 12 23
1 1 1 30 51 12 23
1 1 1 30 51 12 23
1 1 1 30 51 12 23
1 1 1 30 51 12 23
1 1 1 30 51 12 23
1 1 1 30 51 12 23
1 1 1 30 51 12 23
1 1 1 30 51 12 23
1 1 1 30 51 12 23
1 1 1 30 51 12 23
1 1 1 30 51 12 23
1 1 1 30 51 12 23
1 1 1 30 51 12 23
1 1 1 30 51 12 23
1 1 1 30 51 12 23
1 1 1 30 51 12 23
1 1 1 30 51 12 23
1 1 1 30 51 12 23
1 1 1 30 51 12 23
1 1 1 30 51 12 23
1 1 1 30 51 12 23
1 1 1 30 51 12 23
1 1 1 30 51 12 23
1 1 1 30 51 12 23
1 1 1 30 51 12 23
1 1 1 30 51 12 23
1 1 1 30 51 12 23
1 1 1 30 51 12 23
1 1 1 30 51 12 23
1 1 1 30 51 12 23
1 1 1 30 51 12 23
1 1 1 30 51 12 23
1 1 1 30 51 12 23
1 1 1 30 51 12 23
1 1 1 30 51 12 23
1 1 1 30 51 12 23
1 1 1 30 51 12 23
1 1 1 30 51 12 23
1 1 1 30 51 12 23
1 1 1 30 51 12 23
1 1 1 30 51 12 23
1 1 1 30 51 12 23
1 1 1 30 51 12 23
1 1 1 30 51 12 23
1 1 1 30 51 12 23
1 1 1 30 51 12 23
1 1 1 30 51 12 23
1 1 1 30 51 12 23
1 1 1 30 51 12 23
1 1 1 30 51 12 23
1 1 1 30 51 12 23
1 1 1 30 51 12 23
1 1 1 30 51 12 23
1 1 1 30 51 12 23
1 1 1 30 51 12 23
1 1 1 30 51 12 23
1 1 1 30 51 12 23
1 1 1 30 51 12 23
1 1 1 30 51 12 23
1 1 1 30 51 12 23