txn buffer size
1
txn commit backoff part, 3 lines for retry times [0, 1, >=2] (decrease backoff)
2 0 0 2 
0 2 2 8 
0 0 2 0 
txn abort backoff part, 3 lines for retry times [0, 1, >=2] (increase backoff)
0 2 2 2 
2 8 1 2 
0 4 0 2 
normal access
0 1 0 0 0 12 0 
0 0 0 21 17 0 21 
0 1 0 0 0 0 0 
0 0 0 0 0 0 0 
0 1 0 0 0 0 0 
0 0 0 0 0 0 0 
0 1 0 0 0 0 0 
0 1 0 0 0 0 0 
0 0 0 0 0 0 0 
0 0 0 0 0 0 0 
0 1 0 10 0 1 13 
0 1 0 0 20 2 0 
0 0 0 0 0 0 0 
0 0 0 0 0 0 0 
0 1 0 0 0 0 15 
0 0 0 0 0 0 0 
0 0 0 4 0 0 0 
0 0 0 0 0 0 0 
0 0 0 0 0 0 0 
0 0 0 0 0 0 0 
0 1 0 0 0 0 0 
0 0 0 0 0 0 0 
0 0 0 0 0 0 0 
0 0 0 0 0 0 0 
0 1 0 13 0 7 0 
0 0 0 0 0 0 0 
0 1 0 20 0 4 0 
0 0 0 0 0 0 0 
0 0 0 0 0 0 0 
0 0 0 0 0 0 0 
0 0 0 0 0 0 0 
0 1 0 0 0 10 0 
0 0 0 0 0 0 0 
0 0 0 0 0 0 0 
0 1 0 0 37 2 0 
0 0 0 0 0 0 0 
0 1 0 12 0 0 0 
0 0 0 0 44 0 0 
0 1 0 0 0 0 23 
0 0 0 0 0 0 0 
0 0 0 0 0 0 0 
0 1 0 0 45 2 0 
0 0 0 0 0 0 0 
0 0 0 0 0 0 0 
0 1 0 0 0 0 0 
0 1 0 16 11 0 2 
0 0 0 0 0 0 0 
0 0 0 0 0 0 0 
0 0 0 0 0 0 0 
0 0 0 0 0 0 0 
0 0 0 0 0 0 0 
0 0 0 0 0 0 0 
0 0 0 0 0 0 0 
0 1 0 0 0 5 0 
0 1 0 0 0 0 0 
0 0 0 0 0 0 0 
0 1 0 0 27 0 5 
0 0 0 0 0 0 0 
0 1 0 16 20 12 0 
0 1 0 0 0 5 3 
0 0 0 0 0 0 0 
0 0 0 0 0 0 0 
0 1 0 0 0 0 0 
0 0 0 0 0 0 0 
0 0 0 0 0 0 0 
0 1 0 0 0 0 0 
0 0 0 0 0 0 0 
0 0 0 0 0 0 0 
0 1 0 0 47 11 0 
0 1 0 0 0 5 0 
0 0 0 0 0 0 0 
0 0 0 0 0 0 0 
0 1 0 0 0 0 0 
0 0 0 0 0 0 0 
0 0 0 5 41 0 0 
0 1 0 7 0 9 0 
0 0 0 0 0 0 0 
0 0 0 0 0 0 0 
0 0 0 0 0 0 0 
0 1 0 16 0 2 9 
0 1 0 0 0 0 0 
0 1 0 10 45 4 0 
0 0 0 0 45 0 0 
0 0 0 0 0 0 0 
0 0 0 0 0 0 0 
0 0 0 0 0 0 0 
0 1 0 0 40 0 0 
0 0 0 0 0 0 0 
0 0 0 0 0 0 0 
0 0 0 29 22 5 0 
0 1 0 0 39 9 22 
0 0 0 0 0 0 0 
0 0 0 0 0 0 0 
0 0 0 0 0 0 0 
0 0 0 0 0 0 0 
0 0 0 0 0 0 0 
0 0 0 0 0 0 0 
0 0 0 0 0 0 0 
0 0 0 0 0 0 0 
0 0 0 0 0 0 0 
0 0 0 0 0 0 0 
0 1 0 0 0 0 0 
0 0 0 0 0 0 0 
0 0 0 0 0 0 0 
0 0 0 0 0 0 0 
0 1 0 0 0 11 0 
0 0 0 0 29 0 0 
0 0 0 0 0 0 0 
0 0 0 0 0 0 0 
0 0 0 0 0 0 0 
0 0 0 0 0 0 16 
0 0 0 0 0 0 0 
0 0 0 0 0 0 0 
0 0 0 0 0 0 0 
0 0 0 0 0 0 0 
0 0 0 0 0 0 0 
