txn buffer size
1
txn commit backoff part, 3 lines for retry times [0, 1, >=2] (decrease backoff)
1 2 1 4 
2 4 2 0 
4 2 1 8 
txn abort backoff part, 3 lines for retry times [0, 1, >=2] (increase backoff)
0 4 4 2 
2 2 2 0 
0 2 1 2 
normal access
0 0 0 0 0 0 0 
0 1 0 0 0 0 0 
0 0 0 0 40 0 20 
0 1 0 19 16 2 2 
0 0 0 0 0 2 0 
0 0 0 0 0 0 0 
0 0 0 17 0 0 0 
0 1 0 0 13 0 14 
0 0 0 0 0 0 0 
0 1 0 0 0 0 0 
0 0 0 0 0 0 0 
0 1 0 0 0 0 0 
0 1 0 0 10 6 21 
0 0 0 0 0 0 0 
0 0 0 0 0 0 0 
0 1 0 0 0 0 6 
0 1 0 22 0 5 0 
0 0 0 0 0 0 0 
0 0 0 0 0 0 0 
0 0 0 0 0 0 0 
0 1 0 17 9 0 23 
0 1 0 27 50 4 13 
0 0 0 0 0 0 0 
0 0 0 0 0 0 0 
0 0 0 0 0 0 0 
0 0 0 0 0 0 20 
0 0 0 0 0 0 0 
0 0 0 0 0 0 0 
0 0 0 18 0 0 8 
0 1 0 0 0 0 0 
0 0 0 0 0 0 13 
0 0 0 0 0 0 0 
0 1 0 8 0 0 7 
0 0 0 0 0 5 0 
0 0 0 6 0 0 0 
0 1 0 0 0 0 0 
0 0 0 13 0 0 9 
0 1 0 10 28 6 8 
0 0 0 0 24 2 0 
0 1 0 0 0 0 15 
0 0 0 17 6 0 6 
0 0 0 0 0 0 0 
0 1 0 11 0 0 8 
0 0 0 0 6 0 4 
0 0 0 1 0 0 11 
0 0 0 0 0 0 0 
0 0 0 0 0 0 0 
0 0 0 0 0 0 0 
0 1 0 18 0 7 21 
0 1 0 0 26 0 0 
0 0 0 0 0 0 0 
0 0 0 0 0 0 0 
0 0 0 0 0 12 0 
0 1 0 0 25 0 13 
0 1 0 0 0 12 0 
0 1 0 4 13 0 17 
0 1 0 0 40 0 5 
0 1 0 0 22 6 0 
0 0 0 0 0 0 0 
0 0 0 0 0 0 0 
0 1 0 27 31 0 7 
0 0 0 0 0 0 0 
0 1 0 30 36 0 16 
0 1 0 1 3 4 15 
0 0 0 0 0 0 0 
0 0 0 0 0 0 0 
0 1 0 0 0 0 0 
0 1 0 15 0 8 0 
0 0 0 0 0 0 0 
0 0 0 0 0 0 0 
0 0 0 0 0 0 0 
0 1 0 0 18 0 0 
0 0 0 0 0 0 0 
0 1 0 0 17 0 0 
0 0 0 0 0 0 0 
0 1 0 0 0 0 0 
0 1 0 0 6 0 0 
0 1 0 0 2 0 0 
0 0 0 0 0 0 0 
0 1 0 11 34 9 0 
0 0 0 0 0 0 0 
0 1 0 5 20 11 0 
0 0 0 0 0 0 0 
0 1 0 0 51 0 19 
0 0 0 0 0 0 0 
0 1 0 24 0 0 0 
0 1 0 0 0 0 0 
0 0 0 0 0 0 0 
0 0 0 0 0 0 0 
0 0 0 0 0 0 0 
0 0 0 0 0 0 0 
0 1 0 25 0 3 0 
0 0 0 0 0 0 0 
0 0 0 27 0 0 15 
0 1 0 0 0 0 0 
0 0 0 0 0 0 0 
0 0 0 0 0 0 0 
0 0 0 0 0 0 0 
0 0 0 0 0 0 0 
0 0 0 0 0 0 0 
0 1 0 0 0 10 0 
0 0 0 26 0 0 0 
0 0 0 0 0 0 0 
0 1 0 8 0 4 0 
0 0 0 0 0 0 0 
0 0 0 0 0 0 0 
0 1 0 0 0 0 0 
0 0 0 0 0 0 23 
0 0 0 0 0 0 0 
0 0 0 26 44 2 10 
0 0 0 0 0 0 0 
0 1 0 0 43 0 6 
0 1 0 21 0 0 0 
0 0 0 30 0 0 19 
0 1 0 28 10 0 0 
0 1 0 0 0 4 0 
