txn buffer size
3
txn commit backoff part, 3 lines for retry times [0, 1, >=2] (decrease backoff)
2 4 2 0 
0 2 2 1 
8 2 2 1 
txn abort backoff part, 3 lines for retry times [0, 1, >=2] (increase backoff)
2 4 2 2 
8 4 1 8 
0 8 0 1 
normal access
0 1 0 0 0 0 0 
0 0 0 0 0 0 0 
0 0 0 0 0 0 0 
0 1 0 0 11 0 0 
0 1 0 0 0 0 0 
0 0 0 0 0 0 0 
0 1 0 0 0 0 0 
0 0 0 0 0 0 0 
0 0 0 7 39 0 0 
0 1 0 0 13 6 9 
0 0 0 0 0 0 0 
0 1 0 28 24 0 0 
0 1 0 16 0 0 0 
0 0 0 0 0 0 6 
0 1 0 23 0 0 0 
0 0 0 0 0 0 0 
0 0 0 0 0 0 0 
0 1 0 0 0 0 0 
0 0 0 0 0 0 0 
0 1 0 0 0 0 0 
0 0 0 7 0 0 0 
0 0 0 0 0 0 0 
0 1 0 0 0 4 0 
0 0 0 0 0 0 0 
0 0 0 2 17 0 17 
0 1 0 30 0 0 0 
0 1 0 0 0 7 10 
0 1 0 0 0 0 18 
0 0 0 0 0 0 0 
0 1 0 0 0 0 0 
0 1 0 0 0 0 8 
0 1 0 0 29 0 0 
0 1 0 0 0 0 0 
0 0 0 0 0 0 0 
0 1 0 15 0 0 4 
0 1 0 26 0 0 0 
0 1 0 0 0 0 0 
0 0 0 0 0 0 0 
0 0 0 0 0 0 0 
0 0 0 0 0 0 0 
0 0 0 0 0 0 0 
0 1 0 0 0 0 6 
0 1 0 0 14 6 16 
0 0 0 0 0 0 0 
0 0 0 0 0 0 0 
0 0 0 0 0 0 0 
0 1 0 0 0 0 11 
0 0 0 0 0 0 0 
0 0 0 0 0 0 0 
0 1 0 6 0 12 0 
0 1 0 20 48 0 7 
0 1 0 20 0 0 13 
0 0 0 0 0 0 0 
0 0 0 0 0 0 0 
0 1 0 0 0 0 0 
0 1 0 0 0 0 0 
0 0 0 0 0 0 0 
0 0 0 0 0 0 0 
0 1 0 14 9 5 13 
0 0 0 0 0 0 0 
0 1 0 5 19 0 14 
0 0 0 9 0 4 0 
0 1 0 0 17 0 11 
0 0 0 0 0 0 0 
0 0 0 0 0 0 0 
0 1 0 0 0 0 0 
0 1 0 0 43 0 0 
0 1 0 27 20 0 0 
0 0 0 0 0 4 8 
0 0 0 0 29 8 0 
0 0 0 0 0 0 0 
0 0 0 0 0 0 0 
0 0 0 0 0 0 0 
0 1 0 9 0 1 0 
0 0 0 0 0 0 0 
0 0 0 0 0 0 0 
0 1 0 0 0 0 16 
0 1 0 0 5 6 0 
0 1 0 0 0 0 10 
0 0 0 0 0 0 0 
0 1 0 19 0 0 4 
0 1 0 0 0 0 20 
0 0 0 0 0 0 0 
0 0 0 0 0 0 0 
0 1 0 0 0 12 0 
0 0 0 0 0 0 0 
0 0 0 0 0 0 0 
0 0 0 0 0 0 0 
0 1 0 10 0 0 0 
0 0 0 0 0 0 0 
0 1 0 0 23 0 0 
0 1 0 8 0 0 0 
0 1 0 0 0 0 18 
0 1 0 10 0 0 0 
0 1 0 5 36 0 6 
0 1 0 0 0 0 15 
0 0 0 0 0 0 0 
0 0 0 0 0 0 0 
0 1 0 0 0 4 0 
0 1 0 0 46 0 0 
0 1 0 3 3 0 0 
0 1 0 14 33 0 0 
0 0 0 0 0 0 0 
0 0 0 0 42 0 0 
0 1 0 0 11 0 6 
0 1 0 0 0 0 0 
0 0 0 0 0 0 0 
0 1 0 0 0 0 13 
0 0 0 0 0 0 0 
0 0 0 0 0 0 0 
0 0 0 0 0 0 0 
0 1 0 0 14 5 0 
0 0 0 0 0 0 0 
0 0 0 0 0 3 9 
0 0 0 0 0 0 0 
0 0 0 0 0 0 0 
