txn buffer size
1
txn commit backoff part, 3 lines for retry times [0, 1, >=2] (decrease backoff)
2 2 0 8 
2 2 8 0 
8 2 2 4 
txn abort backoff part, 3 lines for retry times [0, 1, >=2] (increase backoff)
2 4 4 2 
8 0 4 2 
0 2 8 1 
normal access
0 0 0 0 9 0 0 
0 0 0 0 0 0 0 
0 1 0 0 41 12 5 
0 1 0 0 0 1 16 
0 0 0 0 0 0 0 
0 1 0 21 23 12 0 
0 0 0 0 0 0 0 
0 1 0 0 47 7 15 
0 0 0 0 0 0 0 
0 0 0 0 0 0 0 
0 1 0 0 33 0 0 
0 0 0 0 0 0 0 
0 0 0 0 0 0 0 
0 0 0 0 0 12 0 
0 0 0 0 0 0 0 
0 0 0 0 0 0 0 
0 1 0 17 48 0 0 
0 1 0 0 0 0 0 
0 0 0 0 0 0 0 
0 1 0 0 0 0 6 
0 0 0 0 0 0 0 
0 1 0 14 0 0 10 
0 1 0 0 0 0 14 
0 0 0 0 0 0 0 
0 0 0 0 0 0 0 
0 1 0 0 0 0 11 
0 0 0 0 0 0 0 
0 0 0 4 0 0 0 
0 1 0 0 0 0 21 
0 0 0 0 0 0 0 
0 1 0 7 0 0 0 
0 1 0 0 0 0 0 
0 1 0 28 0 0 11 
0 0 0 0 0 0 0 
0 1 0 16 39 0 0 
0 0 0 0 0 0 0 
0 1 0 0 29 0 15 
0 1 0 0 0 0 0 
0 1 0 0 0 0 0 
0 0 0 0 0 0 0 
0 1 0 0 0 0 0 
0 0 0 0 0 0 0 
0 0 0 0 0 0 0 
0 1 0 5 0 0 0 
0 0 0 0 0 0 0 
0 0 0 0 0 0 0 
0 1 0 24 0 0 0 
0 1 0 0 13 0 0 
0 0 0 0 0 0 0 
0 0 0 0 0 0 0 
0 0 0 0 0 0 0 
0 0 0 0 0 0 0 
0 0 0 0 0 0 0 
0 0 0 0 0 0 0 
0 0 0 0 0 0 0 
0 0 0 0 0 0 0 
0 0 0 0 0 0 0 
0 0 0 0 0 0 0 
0 1 0 0 26 0 0 
0 1 0 0 0 0 0 
0 1 0 0 0 0 0 
0 0 0 0 0 0 0 
0 1 0 0 18 0 0 
0 0 0 0 0 0 0 
0 0 0 0 0 0 0 
0 0 0 0 0 0 0 
0 0 0 0 0 0 0 
0 0 0 0 0 0 0 
0 1 0 6 0 0 21 
0 1 0 0 0 0 0 
0 0 0 0 0 0 0 
0 0 0 0 0 0 0 
0 0 0 0 0 0 0 
0 0 0 0 0 0 0 
0 1 0 19 41 0 0 
0 0 0 0 0 0 0 
0 0 0 0 0 0 0 
0 0 0 0 0 0 0 
0 1 0 8 0 0 0 
0 0 0 0 0 0 0 
0 0 0 0 0 0 0 
0 1 0 17 0 0 0 
0 0 0 0 0 0 0 
0 0 0 0 0 0 0 
0 0 0 0 0 0 0 
0 1 0 0 6 0 0 
0 1 0 3 0 9 0 
0 0 0 0 0 0 0 
0 0 0 0 0 0 0 
0 0 0 0 0 0 0 
0 1 0 12 42 0 13 
0 1 0 0 7 10 7 
0 0 0 0 0 0 0 
0 0 0 0 0 0 0 
0 0 0 0 0 0 0 
0 0 0 0 0 0 0 
0 1 0 0 0 0 11 
0 0 0 0 0 0 0 
0 1 0 0 18 0 0 
0 0 0 0 0 0 0 
0 0 0 0 0 0 0 
0 0 0 0 0 0 0 
0 1 0 23 0 0 8 
0 0 0 0 0 0 0 
0 0 0 0 0 0 0 
0 0 0 0 0 0 0 
0 1 0 6 0 0 0 
0 1 0 0 0 7 0 
0 1 0 0 0 7 22 
0 0 0 0 36 0 0 
0 1 0 11 0 0 0 
0 1 0 0 5 0 0 
0 0 0 0 0 0 0 
0 0 0 0 0 0 0 
0 1 0 0 0 0 15 
0 0 0 0 0 0 0 
