txn buffer size
1
txn commit backoff part, 3 lines for retry times [0, 1, >=2] (decrease backoff)
4 2 2 1 
0 0 1 2 
2 2 2 2 
txn abort backoff part, 3 lines for retry times [0, 1, >=2] (increase backoff)
0 4 4 0 
2 4 1 2 
2 2 2 8 
normal access
0 0 0 0 0 0 0 
0 1 0 0 0 0 0 
0 0 0 0 0 0 0 
0 0 0 0 0 0 0 
0 1 0 0 0 0 0 
0 0 0 0 0 0 0 
0 0 0 0 0 0 0 
0 0 0 0 0 0 0 
0 0 0 0 0 0 0 
0 0 0 0 0 0 0 
0 0 0 0 0 0 0 
0 0 0 0 0 0 0 
0 0 0 0 0 0 0 
0 0 0 0 0 0 0 
0 1 0 10 0 0 0 
0 1 0 8 21 8 0 
0 0 0 0 0 0 0 
0 0 0 0 0 0 0 
0 0 0 0 0 0 0 
0 1 0 0 6 0 20 
0 0 0 0 0 0 0 
0 1 0 0 0 0 6 
0 0 0 0 0 0 0 
0 0 0 0 16 0 0 
0 0 0 0 0 0 0 
0 0 0 0 0 0 0 
0 0 0 0 0 0 0 
0 1 0 0 0 0 18 
0 0 0 9 19 11 0 
0 1 0 5 0 0 0 
0 1 0 0 31 8 0 
0 0 0 0 0 0 0 
0 0 0 0 0 0 0 
0 0 0 0 0 0 0 
0 0 0 0 0 0 0 
0 0 0 0 0 0 0 
0 0 0 0 0 0 0 
0 0 0 0 0 0 0 
0 0 0 0 0 0 0 
0 0 0 0 0 0 0 
0 0 0 0 0 0 0 
0 0 0 0 0 0 0 
0 0 0 0 0 0 0 
0 0 0 0 0 0 0 
0 1 0 7 41 0 0 
0 1 0 23 0 0 0 
0 0 0 0 0 0 0 
0 0 0 0 0 0 0 
0 1 0 5 0 5 23 
0 0 0 0 0 0 0 
0 1 0 0 26 0 0 
0 0 0 0 0 0 0 
0 0 0 0 0 0 0 
0 1 0 0 0 0 0 
0 0 0 0 0 0 0 
0 1 0 0 0 0 3 
0 0 0 0 0 0 0 
0 0 0 0 0 0 0 
0 1 0 0 0 10 9 
0 1 0 0 0 0 0 
0 0 0 0 0 0 0 
0 0 0 0 0 0 0 
0 1 0 0 0 0 0 
0 0 0 0 0 0 0 
0 0 0 0 0 0 0 
0 1 0 29 0 3 0 
0 0 0 0 0 0 0 
0 0 0 0 0 0 0 
0 1 0 22 0 0 0 
0 0 0 0 0 0 0 
0 0 0 0 0 0 0 
0 0 0 0 0 0 0 
0 1 0 0 0 8 0 
0 1 0 0 0 0 16 
0 0 0 0 0 0 0 
0 0 0 0 0 0 0 
0 0 0 0 0 0 0 
0 0 0 0 0 0 0 
0 0 0 0 0 0 0 
0 0 0 0 0 0 0 
0 1 0 18 0 0 0 
0 0 0 0 0 0 0 
0 1 0 5 3 0 0 
0 0 0 0 0 0 0 
0 0 0 0 0 0 0 
0 0 0 0 0 0 0 
0 0 0 0 0 0 0 
0 1 0 27 13 0 0 
0 0 0 0 0 0 0 
0 0 0 0 0 0 0 
0 0 0 0 0 0 0 
0 0 0 0 0 0 0 
0 0 0 0 0 0 0 
0 0 0 0 0 0 0 
0 0 0 0 0 0 0 
0 0 0 0 0 0 0 
0 0 0 0 0 0 0 
0 0 0 0 0 0 0 
0 0 0 0 0 0 0 
0 0 0 0 0 0 0 
0 1 0 0 0 0 15 
0 1 0 12 11 0 0 
0 0 0 0 0 0 0 
0 1 0 22 21 0 0 
0 1 0 0 0 0 0 
0 0 0 0 0 0 0 
0 1 0 0 11 11 0 
0 1 0 0 0 6 0 
0 0 0 0 0 0 0 
0 0 0 0 0 0 0 
0 1 0 0 0 0 6 
0 0 0 0 0 0 0 
0 0 0 0 0 0 0 
0 0 0 0 0 0 0 
0 0 0 0 0 0 0 
0 1 0 10 0 0 0 
