txn buffer size:
32
------------------------low contention------------------------
access decision:
111111111111111111111111111111111111111111111111111111111111111111111111111111111111111111111111111111111
wait decisions(before access):
333333333333333333333333333333333333333333333333333333333333333333333333333333333333333333333333333333333
wait decisions(before commit piece):
333333333333333333333333333333333333333333333333333333333333333333333333333333333333333333333333333333333
wait access info(txn execution):
1 0 0 0 2 0 0 0 3 0 0 0 4 0 0 0 9 0 0 0 9 0 0 0 9 0 0 0 9 0 0 0 9 0 0 0 10 0 0 0 12 8 0 0 12 8 0 0 16 36 0 0 16 36 0 0 16 36 0 0 16 36 0 0 18 0 1 0 18 0 1 0 20 0 0 0 20 0 0 0 21 0 0 0 22 0 0 0 25 43 0 1 25 43 0 1 25 43 0 1 28 0 8 0 28 0 8 0 28 0 8 0 29 44 10 2 30 47 0 0 0 1 0 0 0 2 0 0 0 3 0 0 12 8 0 0 12 8 0 0 12 8 0 0 12 8 0 0 12 8 0 0 16 36 0 0 16 36 0 0 16 36 0 0 16 36 0 0 16 36 0 0 16 36 0 0 16 36 0 0 16 36 0 0 16 36 0 0 16 36 0 0 16 36 0 0 16 36 0 0 16 36 0 0 16 36 0 0 16 36 0 0 16 36 0 0 16 36 0 0 16 36 0 0 16 36 0 0 16 36 0 0 16 36 0 0 16 36 0 0 16 36 0 0 16 36 0 0 16 36 0 0 16 36 0 0 16 36 0 0 16 36 0 0 0 37 0 0 0 39 0 0 0 39 0 0 0 40 0 0 0 41 0 0 0 42 0 0 25 43 0 1 29 44 10 2 0 45 0 0 0 46 0 16 30 47 0 0 0 48 0 17 18 0 1 0 28 0 8 0 28 0 8 0 28 0 8 0 28 0 8 0 28 0 8 0 28 0 8 0 28 0 8 0 0 0 9 0 29 44 10 2 25 43 0 1 29 44 10 2 0 0 0 3 0 46 0 17 0 48 0 17 0 48 0 17 0 48 0 17 0 48 0 17 0 48 0 17 0 48 0 17 0 48 0 17 0 48 0 17 0 48 0 17 0 48 0 17 0 48 0 17 0 48 0 17 0 48 0 17
piece end decision:
111111111111111111111111111111111111111111111111111111111111111111111111111111111111111111111111111111111
wait decisions(txn final commit):
3333
wait access info(txn final commit):
c c c c c c c c c c c c c c c c
whether use const backoff bound:
0000
different txn type's backoff bound:
31 31 31 31
------------------------high contention------------------------
access decision:
111111111111111111111111111111111111111111111111111111111111111111111111111111111111111111111111111111111
wait decisions(before access):
333333333333333333333333333333333333333333333333333333333333333333333333333333333333333333333333333333333
wait decisions(before commit piece):
333333333333333333333333333333333333333333333333333333333333333333333333333333333333333333333333333333333
wait access info(txn execution):
1 0 0 0 2 0 0 0 3 0 0 0 4 0 0 0 9 0 0 0 9 0 0 0 9 0 0 0 9 0 0 0 9 0 0 0 10 0 0 0 12 8 0 0 12 8 0 0 16 36 0 0 16 36 0 0 16 36 0 0 16 36 0 0 18 0 1 0 18 0 1 0 20 0 0 0 20 0 0 0 21 0 0 0 22 0 0 0 25 43 0 1 25 43 0 1 25 43 0 1 28 0 8 0 28 0 8 0 28 0 8 0 29 44 10 2 30 47 0 0 0 1 0 0 0 2 0 0 0 3 0 0 12 8 0 0 12 8 0 0 12 8 0 0 12 8 0 0 12 8 0 0 16 36 0 0 16 36 0 0 16 36 0 0 16 36 0 0 16 36 0 0 16 36 0 0 16 36 0 0 16 36 0 0 16 36 0 0 16 36 0 0 16 36 0 0 16 36 0 0 16 36 0 0 16 36 0 0 16 36 0 0 16 36 0 0 16 36 0 0 16 36 0 0 16 36 0 0 16 36 0 0 16 36 0 0 16 36 0 0 16 36 0 0 16 36 0 0 16 36 0 0 16 36 0 0 16 36 0 0 16 36 0 0 0 37 0 0 0 39 0 0 0 39 0 0 0 40 0 0 0 41 0 0 0 42 0 0 25 43 0 1 29 44 10 2 0 45 0 0 0 46 0 16 30 47 0 0 0 48 0 17 18 0 1 0 28 0 8 0 28 0 8 0 28 0 8 0 28 0 8 0 28 0 8 0 28 0 8 0 28 0 8 0 0 0 9 0 29 44 10 2 25 43 0 1 29 44 10 2 0 0 0 3 0 46 0 17 0 48 0 17 0 48 0 17 0 48 0 17 0 48 0 17 0 48 0 17 0 48 0 17 0 48 0 17 0 48 0 17 0 48 0 17 0 48 0 17 0 48 0 17 0 48 0 17 0 48 0 17
piece end decision:
111111111111111111111111111111111111111111111111111111111111111111111111111111111111111111111111111111111
wait decisions(txn final commit):
3333
wait access info(txn final commit):
c c c c c c c c c c c c c c c c
whether use const backoff bound:
0000
different txn type's backoff bound:
31 31 31 31
