txn buffer size
4
txn commit backoff part, 3 lines for retry times [0, 1, >=2] (decrease backoff)
2 2 2
2 2 2
2 2 2
txn abort backoff part, 3 lines for retry times [0, 1, >=2] (increase backoff)
2 2 2
2 2 2
2 2 2 
txn final commit wait
1 11 7 8
1 11 7 8
1 11 7 8
1 11 7 8
1 11 7 8
1 11 7 8
normal access
1 1 1 11 2 8
1 1 1 11 2 8
1 1 1 11 2 8
1 1 1 11 2 8
1 1 1 3 4 8
1 1 1 3 4 8
1 1 1 3 4 8
1 1 1 3 4 8
1 1 1 3 4 8
1 1 1 3 4 8
1 1 1 3 4 8
1 1 1 3 4 8
1 1 1 0 0 0
1 1 1 0 0 0
1 1 1 0 0 0
1 1 1 0 0 0
1 1 1 6 7 8
1 1 1 6 7 8
1 1 1 6 7 8
1 1 1 6 7 8
1 1 1 6 7 8
1 1 1 6 7 8
1 1 1 6 7 8
1 1 1 6 7 8
1 1 1 7 7 2
1 1 1 7 7 2
1 1 1 7 7 2
1 1 1 7 7 2
1 1 1 8 7 4
1 1 1 8 7 4
1 1 1 8 7 4
1 1 1 8 7 4
1 1 1 9 7 8
1 1 1 9 7 8
1 1 1 9 7 8
1 1 1 9 7 8
1 1 1 10 7 6
1 1 1 10 7 6
1 1 1 10 7 6
1 1 1 10 7 6
1 1 1 11 6 8
1 1 1 11 6 8
1 1 1 11 6 8
1 1 1 11 6 8
1 1 1 1 2 8
1 1 1 1 2 8
1 1 1 1 2 8
1 1 1 1 2 8
1 1 1 1 2 8
1 1 1 1 2 8
1 1 1 1 2 8
1 1 1 1 2 8
1 1 1 3 4 8
1 1 1 3 4 8
1 1 1 3 4 8
1 1 1 3 4 8
1 1 1 3 4 8
1 1 1 3 4 8
1 1 1 3 4 8
1 1 1 3 4 8
1 1 1 11 6 8
1 1 1 11 6 8
1 1 1 11 6 8
1 1 1 11 6 8
1 1 1 11 6 8
1 1 1 11 6 8
1 1 1 11 6 8
1 1 1 11 6 8
1 1 1 11 7 8
1 1 1 11 7 8
1 1 1 11 7 8
1 1 1 11 7 8
1 1 1 7 7 2
1 1 1 7 7 2
1 1 1 7 7 2
1 1 1 7 7 2
1 1 1 7 7 2
1 1 1 7 7 2
1 1 1 7 7 2
1 1 1 7 7 2
1 1 1 8 7 4
1 1 1 8 7 4
1 1 1 8 7 4
1 1 1 8 7 4
1 1 1 8 7 4
1 1 1 8 7 4
1 1 1 8 7 4
1 1 1 8 7 4
1 1 1 10 7 6
1 1 1 10 7 6
1 1 1 10 7 6
1 1 1 10 7 6
1 1 1 10 7 6
1 1 1 10 7 6
1 1 1 10 7 6
1 1 1 10 7 6
1 1 1 11 6 8
1 1 1 11 6 8
1 1 1 11 6 8
1 1 1 11 6 8
1 1 1 11 6 8
1 1 1 11 6 8
1 1 1 11 6 8
1 1 1 11 6 8
