txn buffer size
32
const retry backoff
000
000
retry backoff
63 63 63
63 63 63
txn final commit wait
1 9 4 5
1 9 4 5
1 9 4 5
1 9 4 5
1 9 4 5
1 9 4 5
normal access
1 1 1 9 1 5
1 1 1 9 1 5
1 1 1 9 1 5
1 1 1 9 1 5
1 1 1 9 1 5
1 1 1 9 1 5
1 1 1 2 2 5
1 1 1 2 2 5
1 1 1 2 2 5
1 1 1 2 2 5
1 1 1 2 2 5
1 1 1 2 2 5
1 1 1 0 0 0
1 1 1 0 0 0
1 1 1 0 0 0
1 1 1 0 0 0
1 1 1 0 0 0
1 1 1 0 0 0
1 1 1 4 4 5
1 1 1 4 4 5
1 1 1 4 4 5
1 1 1 4 4 5
1 1 1 4 4 5
1 1 1 4 4 5
1 1 1 5 4 2
1 1 1 5 4 2
1 1 1 5 4 2
1 1 1 5 4 2
1 1 1 5 4 2
1 1 1 5 4 2
1 1 1 6 4 3
1 1 1 6 4 3
1 1 1 6 4 3
1 1 1 6 4 3
1 1 1 6 4 3
1 1 1 6 4 3
1 1 1 7 4 5
1 1 1 7 4 5
1 1 1 7 4 5
1 1 1 7 4 5
1 1 1 7 4 5
1 1 1 7 4 5
1 1 1 8 4 4
1 1 1 8 4 4
1 1 1 8 4 4
1 1 1 8 4 4
1 1 1 8 4 4
1 1 1 8 4 4
1 1 1 9 3 5
1 1 1 9 3 5
1 1 1 9 3 5
1 1 1 9 3 5
1 1 1 9 3 5
1 1 1 9 3 5
1 1 1 1 1 5
1 1 1 1 1 5
1 1 1 1 1 5
1 1 1 1 1 5
1 1 1 1 1 5
1 1 1 1 1 5
1 1 1 2 2 5
1 1 1 2 2 5
1 1 1 2 2 5
1 1 1 2 2 5
1 1 1 2 2 5
1 1 1 2 2 5
1 1 1 9 3 5
1 1 1 9 3 5
1 1 1 9 3 5
1 1 1 9 3 5
1 1 1 9 3 5
1 1 1 9 3 5
1 1 1 9 4 5
1 1 1 9 4 5
1 1 1 9 4 5
1 1 1 9 4 5
1 1 1 9 4 5
1 1 1 9 4 5
1 1 1 5 4 2
1 1 1 5 4 2
1 1 1 5 4 2
1 1 1 5 4 2
1 1 1 5 4 2
1 1 1 5 4 2
1 1 1 5 4 2
1 1 1 5 4 2
1 1 1 5 4 2
1 1 1 5 4 2
1 1 1 5 4 2
1 1 1 5 4 2
1 1 1 6 4 3
1 1 1 6 4 3
1 1 1 6 4 3
1 1 1 6 4 3
1 1 1 6 4 3
1 1 1 6 4 3
1 1 1 8 4 4
1 1 1 8 4 4
1 1 1 8 4 4
1 1 1 8 4 4
1 1 1 8 4 4
1 1 1 8 4 4
1 1 1 9 3 5
1 1 1 9 3 5
1 1 1 9 3 5
1 1 1 9 3 5
1 1 1 9 3 5
1 1 1 9 3 5