txn buffer size
32
txn commit backoff part, 3 lines for retry times [0, 1, >=2] (decrease backoff)
2 2 2 2 2 2 2 2 2 2
2 2 2 2 2 2 2 2 2 2
2 2 2 2 2 2 2 2 2 2
txn abort backoff part, 3 lines for retry times [0, 1, >=2] (increase backoff)
2 2 2 2 2 2 2 2 2 2
2 2 2 2 2 2 2 2 2 2
2 2 2 2 2 2 2 2 2 2
normal access
1 1 1 4 4 4 4 4 4 4 4 4 4 
1 1 1 4 4 4 4 4 4 4 4 4 4 
1 1 1 4 4 4 4 4 4 4 4 4 4 
1 1 1 4 4 4 4 4 4 4 4 4 4 
1 1 1 6 6 6 6 6 6 6 6 6 6 
1 1 1 6 6 6 6 6 6 6 6 6 6 
1 1 1 8 8 8 8 8 8 8 8 8 8 
1 1 1 8 8 8 8 8 8 8 8 8 8 
1 1 1 4 4 4 4 4 4 4 4 4 4 
1 1 1 4 4 4 4 4 4 4 4 4 4 
1 1 1 4 4 4 4 4 4 4 4 4 4 
1 1 1 4 4 4 4 4 4 4 4 4 4 
1 1 1 6 6 6 6 6 6 6 6 6 6 
1 1 1 6 6 6 6 6 6 6 6 6 6 
1 1 1 8 8 8 8 8 8 8 8 8 8 
1 1 1 8 8 8 8 8 8 8 8 8 8 
1 1 1 4 4 4 4 4 4 4 4 4 4 
1 1 1 4 4 4 4 4 4 4 4 4 4 
1 1 1 4 4 4 4 4 4 4 4 4 4 
1 1 1 4 4 4 4 4 4 4 4 4 4 
1 1 1 6 6 6 6 6 6 6 6 6 6 
1 1 1 6 6 6 6 6 6 6 6 6 6 
1 1 1 8 8 8 8 8 8 8 8 8 8 
1 1 1 8 8 8 8 8 8 8 8 8 8 
1 1 1 4 4 4 4 4 4 4 4 4 4 
1 1 1 4 4 4 4 4 4 4 4 4 4 
1 1 1 4 4 4 4 4 4 4 4 4 4 
1 1 1 4 4 4 4 4 4 4 4 4 4 
1 1 1 6 6 6 6 6 6 6 6 6 6 
1 1 1 6 6 6 6 6 6 6 6 6 6 
1 1 1 8 8 8 8 8 8 8 8 8 8 
1 1 1 8 8 8 8 8 8 8 8 8 8 
1 1 1 4 4 4 4 4 4 4 4 4 4 
1 1 1 4 4 4 4 4 4 4 4 4 4 
1 1 1 4 4 4 4 4 4 4 4 4 4 
1 1 1 4 4 4 4 4 4 4 4 4 4 
1 1 1 6 6 6 6 6 6 6 6 6 6 
1 1 1 6 6 6 6 6 6 6 6 6 6 
1 1 1 8 8 8 8 8 8 8 8 8 8 
1 1 1 8 8 8 8 8 8 8 8 8 8 
1 1 1 4 4 4 4 4 4 4 4 4 4 
1 1 1 4 4 4 4 4 4 4 4 4 4 
1 1 1 4 4 4 4 4 4 4 4 4 4 
1 1 1 4 4 4 4 4 4 4 4 4 4 
1 1 1 6 6 6 6 6 6 6 6 6 6 
1 1 1 6 6 6 6 6 6 6 6 6 6 
1 1 1 8 8 8 8 8 8 8 8 8 8 
1 1 1 8 8 8 8 8 8 8 8 8 8 
1 1 1 4 4 4 4 4 4 4 4 4 4 
1 1 1 4 4 4 4 4 4 4 4 4 4 
1 1 1 4 4 4 4 4 4 4 4 4 4 
1 1 1 4 4 4 4 4 4 4 4 4 4 
1 1 1 6 6 6 6 6 6 6 6 6 6 
1 1 1 6 6 6 6 6 6 6 6 6 6 
1 1 1 8 8 8 8 8 8 8 8 8 8 
1 1 1 8 8 8 8 8 8 8 8 8 8 
1 1 1 4 4 4 4 4 4 4 4 4 4 
1 1 1 4 4 4 4 4 4 4 4 4 4 
1 1 1 4 4 4 4 4 4 4 4 4 4 
1 1 1 4 4 4 4 4 4 4 4 4 4 
1 1 1 6 6 6 6 6 6 6 6 6 6 
1 1 1 6 6 6 6 6 6 6 6 6 6 
1 1 1 8 8 8 8 8 8 8 8 8 8 
1 1 1 8 8 8 8 8 8 8 8 8 8 
1 1 1 4 4 4 4 4 4 4 4 4 4 
1 1 1 4 4 4 4 4 4 4 4 4 4 
1 1 1 4 4 4 4 4 4 4 4 4 4 
1 1 1 4 4 4 4 4 4 4 4 4 4 
1 1 1 6 6 6 6 6 6 6 6 6 6 
1 1 1 6 6 6 6 6 6 6 6 6 6 
1 1 1 8 8 8 8 8 8 8 8 8 8 
1 1 1 8 8 8 8 8 8 8 8 8 8 
1 1 1 4 4 4 4 4 4 4 4 4 4 
1 1 1 4 4 4 4 4 4 4 4 4 4 
1 1 1 4 4 4 4 4 4 4 4 4 4 
1 1 1 4 4 4 4 4 4 4 4 4 4 
1 1 1 6 6 6 6 6 6 6 6 6 6 
1 1 1 6 6 6 6 6 6 6 6 6 6 
1 1 1 8 8 8 8 8 8 8 8 8 8 
1 1 1 8 8 8 8 8 8 8 8 8 8 
